686082
133445
1.23872e+06
1106 1120
2.31441
bk1 0 483 133 819
bk10a 266 721 644 840
bk10b 966 959 1106 1120
bk10c 119 133 238 182
bk11 679 0 854 119
bk12 133 840 539 980
bk13 826 490 966 987
bk14a 133 483 252 679
bk14b 987 665 1106 959
bk14c 133 679 252 840
bk15a 0 364 266 483
bk15b 987 0 1106 336
bk16 987 455 1106 581
bk17a 266 539 637 721
bk17b 644 784 826 987
bk18 476 133 679 315
bk19 987 581 1106 665
bk2 0 819 133 1113
bk20 644 434 826 784
bk21 273 980 588 1120
bk3 854 175 987 490
bk4 119 0 679 133
bk5a 133 980 273 1113
bk5b 854 0 987 175
bk5c 679 203 812 434
bk6 644 987 959 1120
bk7 476 315 658 413
bk8a 266 133 476 343
bk8b 266 413 644 539
bk9a 119 182 238 364
bk9b 987 336 1106 455
bk9c 0 0 119 357
bk9d 679 119 798 203
